771848
771848
1144035
1144035
217408
217408
3732271
3732271
17034
17034
6309
6309
115145
115145
100297
100297
3973077
3973077
22656
22656
1873365
1873365
335858
335858
190597
190597
157247
157247
139985
139985
1221571
1221571
157882
157882
29407
29407
2015579
2015579
1209018
1209018
1048572
1048572
839689
839689
19068
19068
3832970
3832970
893
893
519413
519413
104349
104349
34397
34397
548225
548225
1187415
1187415
341994
341994
57695
57695
15168
15168
3448419
3448419
23354
23354
218196
218196
190597
190597
19563
19563
548225
548225
12950
12950
1583
1583
34509
34509
57695
57695
179910
179910
1968
1968
224671
224671
104349
104349
187606
187606
476
476
413501
413501
479863
479863
16417
16417
20860
20860
33708
33708
596781
596781
9021
9021
21234
21234
922184
922184
114251
114251
118068
118068
50079
50079
138475
138475
284240
284240
816620
816620
27535
27535
10661
10661
31671
31671
55159
55159
992484
992484
73226
73226
28169
28169
182668
182668
1491895
1491895
3043
3043
367273
367273
151292
151292
16883
16883
276052
276052
70393
70393
12711
12711
9530
9530
227665
227665
9951
9951
148870
148870
37213
37213
139459
139459
522444
522444
166749
166749
139010
139010
87234
87234
2988
2988
1187415
1187415
149392
149392
77567
77567
1288
1288
16076
16076
65863
65863
131872
131872
267
267
53013
53013
115730
115730
119963
119963
34211
34211
208809
208809
6782
6782
263525
263525
279627
279627
256196
256196
105929
105929
560648
560648
507674
507674
18771
18771
13005
13005
276101
276101
103167
103167
28804
28804
939860
939860
85371
85371
113716
113716
222908
222908
34088
34088
73070
73070
187690
187690
415784
415784
605744
605744
965051
965051
143305
143305
589924
589924
938089
938089
440558
440558
20670
20670
135152
135152
1048572
1048572
3153
3153
94197
94197
98713
98713
204847
204847
501557
501557
24181
24181
315935
315935
207421
207421
12960
12960
96100
96100
60761
60761
215945
215945
129570
129570
298479
298479
36305
36305
734069
734069
771848
771848
40342
40342
84651
84651
33213
33213
541091
541091
5987
5987
6521
6521
3474
3474
50742
50742
341994
341994
54680
54680
14343
14343
47773
47773
330315
330315
4279
4279
230513
230513
1271826
1271826
75170
75170
103154
103154
673730
673730
104891
104891
2225682
2225682
829571
829571
68587
68587
223092
223092
405017
405017
464709
464709
661519
661519
263693
263693
491243
491243
5190
5190
251311
251311
426671
426671
961113
961113
41661
41661
76337
76337
15498
15498
748858
748858
452307
452307
21886
21886
147192
147192
126769
126769
95592
95592
1011995
1011995
366904
366904
827263
827263
418556
418556
324584
324584
46058
46058
1197518
1197518
1226963
1226963
519413
519413
470005
470005
76217
76217
635608
635608
126042
126042
244296
244296
367456
367456
131527
131527
417562
417562
140719
140719
615
615
33732
33732
46642
46642
35070
35070
102937
102937
61305
61305
342852
342852
3732271
3732271
908494
908494
535871
535871
45914
45914
33518
33518
1855677
1855677
26428
26428
82548
82548
10397
10397
260990
260990
69755
69755
14955
14955
1221571
1221571
55847
55847
14065
14065
250259
250259
134633
134633
50552
50552
19679
19679
36565
36565
405015
405015
464744
464744
25646
25646
438154
438154
174728
174728
1159478
1159478
13
13
126014
126014
116908
116908
253056
253056
17516
17516
526535
526535
97337
97337
137350
137350
